====================================================================================================
B4  attention 排序 vs influence 排序   M=36 锚点 × T=16 帧 × L=18 层 × V=2 视角
  attention renorm=img512   tokens=['<bos>', 'put', '▁the', '▁bowl', '▁on', '▁the', '▁plate', '\n']
  帧对齐 ✅ env 步 [10, 15, 20, 25, 30, 35, 40, 45, 50, 55, 60, 65, 70, 75, 80, 85]
====================================================================================================

  视角 'base_0_rgb':patch 像素数 mean=461 max=1140 覆盖为 0 的锚点=3
    与 seg 的 visible_px 相关(应≈1,验证 diff 掩码正确)= 0.9984

  视角 'left_wrist_0_rgb':patch 像素数 mean=646 max=11902 覆盖为 0 的锚点=6

  名词 token 行 = [3, 6] → ['▁bowl', '▁plate']

----------------------------------------------------------------------------------------------------
① 逐层:Spearman(attention 分数, influence) —— 规格 A3 全层扫,不挑层
----------------------------------------------------------------------------------------------------

  view=base_0_rgb token聚合=max   有效锚点=33/36
   layer |  Sp(幅度版) | Sp(系统版) | top5 IoU
       0 |     -0.0160 |     0.0033 |    0.000
       1 |      0.4037 |     0.3275 |    0.250
       2 |      0.4743 |     0.3927 |    0.250
       3 |      0.8346 |     0.7550 |    0.250
       4 |      0.7945 |     0.7326 |    0.250
       5 |      0.7891 |     0.6928 |    0.250
       6 |      0.6748 |     0.5769 |    0.111
       7 |      0.8720 |     0.7898 |    0.429  ← |Sp| 最大
       8 |      0.6531 |     0.5521 |    0.250
       9 |      0.6293 |     0.5241 |    0.111
      10 |      0.8112 |     0.7306 |    0.429
      11 |      0.7293 |     0.6578 |    0.429
      12 |      0.7410 |     0.6688 |    0.429
      13 |      0.5745 |     0.5110 |    0.000
      14 |      0.4880 |     0.4078 |    0.250
      15 |      0.5732 |     0.5020 |    0.250
      16 |      0.4736 |     0.4121 |    0.250
      17 |     -0.0214 |    -0.0632 |    0.250

  view=base_0_rgb token聚合=sum   有效锚点=33/36
   layer |  Sp(幅度版) | Sp(系统版) | top5 IoU
       0 |     -0.0331 |    -0.0224 |    0.000
       1 |      0.4582 |     0.3773 |    0.250
       2 |      0.4589 |     0.3800 |    0.250
       3 |      0.8339 |     0.7457 |    0.250
       4 |      0.8239 |     0.7557 |    0.250
       5 |      0.7657 |     0.6654 |    0.250
       6 |      0.6357 |     0.5374 |    0.000
       7 |      0.8650 |     0.7741 |    0.429  ← |Sp| 最大
       8 |      0.7594 |     0.6691 |    0.250
       9 |      0.6414 |     0.5291 |    0.111
      10 |      0.7854 |     0.7032 |    0.429
      11 |      0.7002 |     0.6253 |    0.429
      12 |      0.7436 |     0.6735 |    0.429
      13 |      0.5602 |     0.4866 |    0.000
      14 |      0.5137 |     0.4375 |    0.250
      15 |      0.5672 |     0.5017 |    0.250
      16 |      0.4880 |     0.4265 |    0.250
      17 |      0.1103 |     0.0478 |    0.250

  view=base_0_rgb token聚合=noun  有效锚点=33/36
   layer |  Sp(幅度版) | Sp(系统版) | top5 IoU
       0 |      0.0334 |    -0.0047 |    0.000
       1 |      0.3182 |     0.2721 |    0.000
       2 |      0.6273 |     0.5481 |    0.429
       3 |      0.8152 |     0.7373 |    0.250
       4 |      0.7851 |     0.7386 |    0.250
       5 |      0.7848 |     0.6992 |    0.250
       6 |      0.7136 |     0.6213 |    0.111
       7 |      0.8783 |     0.7965 |    0.429  ← |Sp| 最大
       8 |      0.8352 |     0.7513 |    0.429
       9 |      0.6300 |     0.5241 |    0.111
      10 |      0.7854 |     0.7032 |    0.429
      11 |      0.7814 |     0.7102 |    0.429
      12 |      0.7604 |     0.6878 |    0.429
      13 |      0.6557 |     0.5999 |    0.250
      14 |      0.4960 |     0.4004 |    0.250
      15 |      0.6009 |     0.5277 |    0.250
      16 |      0.4923 |     0.4308 |    0.250
      17 |      0.4542 |     0.3743 |    0.250

  view=left_wrist_0_rgb token聚合=max   有效锚点=30/36
   layer |  Sp(幅度版) | Sp(系统版) | top5 IoU
       0 |      0.2641 |     0.2254 |    0.000
       1 |      0.6939 |     0.6494 |    0.429
       2 |      0.8385 |     0.7793 |    0.667
       3 |      0.8318 |     0.7544 |    0.667
       4 |      0.8768 |     0.8002 |    0.667  ← |Sp| 最大
       5 |      0.6085 |     0.5284 |    0.667
       6 |      0.6538 |     0.6116 |    0.429
       7 |      0.8247 |     0.7335 |    0.667
       8 |      0.7228 |     0.6316 |    0.667
       9 |      0.6966 |     0.6187 |    0.429
      10 |      0.7522 |     0.6463 |    0.429
      11 |      0.7139 |     0.6997 |    0.250
      12 |      0.7099 |     0.6850 |    0.429
      13 |      0.5368 |     0.5217 |    0.111
      14 |      0.6654 |     0.6734 |    0.250
      15 |      0.7998 |     0.7566 |    0.667
      16 |      0.6209 |     0.5519 |    0.111
      17 |      0.7468 |     0.6694 |    0.667

  view=left_wrist_0_rgb token聚合=sum   有效锚点=30/36
   layer |  Sp(幅度版) | Sp(系统版) | top5 IoU
       0 |      0.2432 |     0.2049 |    0.000
       1 |      0.6836 |     0.6583 |    0.429
       2 |      0.8349 |     0.7758 |    0.667
       3 |      0.8278 |     0.7495 |    0.667
       4 |      0.8732 |     0.8002 |    0.667  ← |Sp| 最大
       5 |      0.6957 |     0.6111 |    0.667
       6 |      0.6271 |     0.5911 |    0.250
       7 |      0.8140 |     0.7210 |    0.667
       8 |      0.7553 |     0.6747 |    0.667
       9 |      0.6521 |     0.5804 |    0.250
      10 |      0.7575 |     0.6650 |    0.429
      11 |      0.7477 |     0.7246 |    0.429
      12 |      0.6347 |     0.6147 |    0.111
      13 |      0.4879 |     0.4736 |    0.111
      14 |      0.6734 |     0.6596 |    0.429
      15 |      0.8060 |     0.7526 |    0.667
      16 |      0.7006 |     0.6405 |    0.250
      17 |      0.8256 |     0.7646 |    0.667

  view=left_wrist_0_rgb token聚合=noun  有效锚点=30/36
   layer |  Sp(幅度版) | Sp(系统版) | top5 IoU
       0 |      0.4736 |     0.4256 |    0.000
       1 |      0.6311 |     0.5871 |    0.429
       2 |      0.7833 |     0.7135 |    0.429
       3 |      0.8349 |     0.7482 |    0.667
       4 |      0.8652 |     0.7762 |    0.667  ← |Sp| 最大
       5 |      0.5622 |     0.4549 |    0.429
       6 |      0.7121 |     0.6636 |    0.667
       7 |      0.7815 |     0.6970 |    0.667
       8 |      0.7731 |     0.6836 |    0.429
       9 |      0.6770 |     0.5871 |    0.429
      10 |      0.7477 |     0.6494 |    0.429
      11 |      0.7820 |     0.7544 |    0.667
      12 |      0.6596 |     0.6405 |    0.111
      13 |      0.4563 |     0.4251 |    0.111
      14 |      0.6921 |     0.6512 |    0.429
      15 |      0.7860 |     0.7402 |    0.667
      16 |      0.8269 |     0.7766 |    0.667
      17 |      0.8505 |     0.8563 |    0.667

----------------------------------------------------------------------------------------------------
② 汇总:各提取方式对 attention **最有利**的那一层(规格 A3)
----------------------------------------------------------------------------------------------------
  view  kind |  最优层 | Sp(幅度版) | Sp(系统版) | top5 IoU | 有效锚点
  base_0_rgb max  |      7 |      0.8720 |     0.7898 |    0.429 | 33/36
  base_0_rgb sum  |      7 |      0.8650 |     0.7741 |    0.429 | 33/36
  base_0_rgb noun |      7 |      0.8783 |     0.7965 |    0.429 | 33/36
  left_wrist_0_rgb max  |      4 |      0.8768 |     0.8002 |    0.667 | 30/36
  left_wrist_0_rgb sum  |      4 |      0.8732 |     0.8002 |    0.667 | 30/36
  left_wrist_0_rgb noun |      4 |      0.8652 |     0.7762 |    0.667 | 30/36

----------------------------------------------------------------------------------------------------
③ 主结果(view=base, token=max, layer=7):逐锚点对照
----------------------------------------------------------------------------------------------------
  rank(influence)  anc  world(x,y)   legal | influence幅度mm | attention分数 | rank(attn)
               1  #21  ( 0.12, 0.09) False |         298.07 |        0.1005 |         9
               2  #19  (-0.06, 0.09) False |         290.93 |        0.2925 |         3
               3  #20  ( 0.03, 0.09) False |         275.55 |        0.2292 |         5
               4  #13  (-0.06,-0.04) False |         239.29 |        0.2157 |         6
               5  #18  (-0.15, 0.09) False |         209.97 |        0.3134 |         2
               6  #14  ( 0.03,-0.04) False |         182.61 |        0.4681 |         1
               7  #15  ( 0.12,-0.04) False |         127.32 |        0.2749 |         4
               8  #25  (-0.06, 0.22) True  |         124.91 |        0.1014 |         8
               9  #12  (-0.15,-0.04) False |         109.99 |        0.1503 |         7
              10  #16  ( 0.21,-0.04) True  |         109.42 |        0.0088 |        20
              11  #26  ( 0.03, 0.22) True  |         103.89 |        0.0528 |        10
              12  #22  ( 0.21, 0.09) True  |         103.05 |        0.0096 |        19
              13  # 8  ( 0.03,-0.17) False |         102.96 |        0.0283 |        13
              14  #24  (-0.15, 0.22) False |          98.58 |        0.0460 |        11
              15  #27  ( 0.12, 0.22) True  |          93.39 |        0.0056 |        21
              16  # 9  ( 0.12,-0.17) False |          76.65 |        0.0164 |        17
              17  #10  ( 0.21,-0.17) False |          54.30 |        0.0050 |        22
              18  # 7  (-0.06,-0.17) False |          53.66 |        0.0255 |        14
              19  # 6  (-0.15,-0.17) False |          53.31 |        0.0404 |        12
              20  #31  (-0.06, 0.35) True  |          44.17 |        0.0038 |        25
              21  #28  ( 0.21, 0.22) True  |          31.90 |        0.0165 |        16
              22  #30  (-0.15, 0.35) True  |          31.79 |        0.0024 |        26
              23  #32  ( 0.03, 0.35) True  |          28.42 |        0.0049 |        23
              24  #33  ( 0.12, 0.35) True  |          19.00 |        0.0246 |        15
              25  # 4  ( 0.21,-0.30) False |          16.97 |        0.0015 |        31
              26  #23  ( 0.30, 0.09) True  |          16.90 |        0.0022 |        27
              27  #11  ( 0.30,-0.17) True  |          13.62 |        0.0124 |        18
              28  #17  ( 0.30,-0.04) True  |          12.89 |        0.0020 |        29
              29  #34  ( 0.21, 0.35) True  |          11.36 |        0.0012 |        33
              30  # 3  ( 0.12,-0.30) False |          10.04 |        0.0021 |        28
              31  # 5  ( 0.30,-0.30) True  |           7.32 |        0.0013 |        32
              32  #29  ( 0.30, 0.22) True  |           7.11 |        0.0045 |        24
              33  #35  ( 0.30, 0.35) True  |           3.26 |        0.0019 |        30
              34  # 0  (-0.15,-0.30) False |           2.67 |        0.0000 |        36  (不可见,未参与相关)
              35  # 1  (-0.06,-0.30) False |           2.06 |        0.0000 |        35  (不可见,未参与相关)
              36  # 2  ( 0.03,-0.30) False |           0.00 |        0.0000 |        34  (不可见,未参与相关)

[written] b4_attn_vs_influence.png
